[[ 0.          0.83947945  0.99421871 ...,  0.80837607  1.06711817
   0.09723575]
 [ 0.83947945  0.          0.69721866 ...,  1.00324154  0.91028273
   0.85705447]
 [ 0.99421871  0.69721866  0.         ...,  0.41057739  0.          0.5188933 ]
 ..., 
 [ 0.80837607  1.00324154  0.41057739 ...,  0.          0.47367051
   1.1105386 ]
 [ 1.06711817  0.91028273  0.         ...,  0.47367051  0.          1.15457022]
 [ 0.09723575  0.85705447  0.5188933  ...,  1.1105386   1.15457022  0.        ]]
